-354|292.24993630618064
304|421.86889407663443
393|467.79945834301384
-237|410.9468173828957
696|-186.19201878214335
781|977.634999396482
-98|-651.5984561945354
559|-751.0555424170356
-423|7.139712838071205
615|652.6677317528852
766|-662.1023250756122
681|821.8245511449763
-961|-108.1677606233626
81|-678.1117831529643
-147|890.0944640630039
400|716.0927251800642
190|-727.5869457583783
193|536.9231326978752
89|-369.6416526536217
-465|504.07699022173756
666|-153.7474850346847
-911|-702.3622736473926
801|666.6764181300837
491|232.24639149605946
355|-253.98542802427926
930|-249.26976406285985
-590|-352.49749871922666
-406|-918.4193947505465
551|-494.05875546051647
-705|49.2987471568149
239|185.31317123302415
886|-833.0644868558741
605|-401.3934696848038
107|95.11879974153453
-411|711.4619164900951
-443|85.64383392912009
214|-60.90433420696195
796|-616.5147928045274
555|981.436630094071
202|-419.9185765446083
-892|218.50276642364065
913|284.35491183493264
142|656.9391885562738
154|88.95396011282264
824|16.435457012322672
-314|-48.74769569887235
-951|437.1543114950539
982|-698.3051173580022
490|-203.70530309320384
571|393.9889800778287
